"","A","B","C","AGold","BGold","CGold"
"A",0,0.0262441072713776,0.0817489483657056,0.390555430416781,0.390555430416781,0.390555430416781
"B",0.0262441072713776,0,0.096155709293445,0.385002732744774,0.385002732744774,0.385002732744774
"C",0.0817489483657056,0.096155709293445,0,0.424686663522683,0.424686663522683,0.424686663522683
"AGold",0.390555430416781,0.385002732744774,0.424686663522683,0,0,0
"BGold",0.390555430416781,0.385002732744774,0.424686663522683,0,0,0
"CGold",0.390555430416781,0.385002732744774,0.424686663522683,0,0,0
